 &plot nbnd=  10, nks=   151 /
           -1.000000  0.500000  0.000000
   -3.614   -3.614    1.349    1.349    9.456    9.456    9.656    9.656   15.704   15.704
           -0.966667  0.483333  0.000000
   -3.762   -3.466    1.257    1.459    9.316    9.326    9.557   10.046   15.388   15.963
           -0.933333  0.466667  0.000000
   -3.921   -3.307    1.192    1.577    9.123    9.177    9.480   10.529   15.049   16.112
           -0.900000  0.450000  0.000000
   -4.087   -3.139    1.154    1.704    8.925    9.042    9.418   11.022   14.704   16.097
           -0.866667  0.433333  0.000000
   -4.261   -2.960    1.142    1.838    8.736    8.916    9.368   11.514   14.367   15.933
           -0.833333  0.416667  0.000000
   -4.439   -2.771    1.155    1.979    8.558    8.799    9.331   11.985   14.057   15.686
           -0.800000  0.400000  0.000000
   -4.620   -2.572    1.191    2.126    8.391    8.692    9.306   12.389   13.819   15.406
           -0.766667  0.383333  0.000000
   -4.803   -2.362    1.250    2.277    8.236    8.593    9.292   12.596   13.777   15.114
           -0.733333  0.366667  0.000000
   -4.986   -2.142    1.329    2.432    8.092    8.503    9.290   12.513   14.015   14.822
           -0.700000  0.350000 -0.000000
   -5.167   -1.912    1.428    2.590    7.960    8.421    9.300   12.273   14.386   14.536
           -0.666667  0.333333  0.000000
   -5.345   -1.670    1.544    2.749    7.840    8.344    9.323   11.983   14.259   14.758
           -0.633333  0.316667 -0.000000
   -5.518   -1.419    1.677    2.909    7.732    8.271    9.359   11.680   13.993   15.061
           -0.600000  0.300000  0.000000
   -5.687   -1.156    1.825    3.069    7.637    8.199    9.408   11.374   13.738   15.252
           -0.566667  0.283333  0.000000
   -5.849   -0.884    1.986    3.227    7.553    8.126    9.470   11.071   13.495   15.314
           -0.533333  0.266667  0.000000
   -6.004   -0.600    2.161    3.382    7.483    8.051    9.544   10.774   13.261   15.262
           -0.500000  0.250000  0.000000
   -6.153   -0.306    2.347    3.534    7.424    7.970    9.626   10.483   13.035   15.126
           -0.466667  0.233333  0.000000
   -6.293   -0.002    2.544    3.683    7.378    7.882    9.708   10.201   12.816   14.932
           -0.433333  0.216667  0.000000
   -6.424    0.312    2.749    3.827    7.344    7.786    9.782    9.927   12.609   14.699
           -0.400000  0.200000  0.000000
   -6.548    0.637    2.962    3.967    7.323    7.681    9.662    9.827   12.425   14.436
           -0.366667  0.183333  0.000000
   -6.662    0.971    3.181    4.101    7.313    7.565    9.406    9.820   12.289   14.154
           -0.333333  0.166667  0.000000
   -6.766    1.315    3.404    4.231    7.315    7.439    9.160    9.735   12.230   13.859
           -0.300000  0.150000 -0.000000
   -6.862    1.668    3.629    4.355    7.302    7.328    8.925    9.565   12.263   13.557
           -0.266667  0.133333 -0.000000
   -6.947    2.030    3.852    4.473    7.153    7.351    8.700    9.321   12.384   13.255
           -0.233333  0.116667  0.000000
   -7.023    2.400    4.072    4.585    6.990    7.382    8.488    9.030   12.576   12.960
           -0.200000  0.100000  0.000000
   -7.089    2.778    4.284    4.689    6.810    7.421    8.290    8.721   12.680   12.819
           -0.166667  0.083333 -0.000000
   -7.145    3.161    4.483    4.785    6.606    7.464    8.109    8.417   12.422   13.096
           -0.133333  0.066667  0.000000
   -7.191    3.549    4.663    4.870    6.373    7.508    7.947    8.143   12.194   13.393
           -0.100000  0.050000  0.000000
   -7.226    3.940    4.818    4.941    6.105    7.549    7.810    7.916   12.005   13.695
           -0.066667  0.033333 -0.000000
   -7.252    4.330    4.938    4.995    5.800    7.583    7.704    7.749   11.863   13.976
           -0.033333  0.016667 -0.000000
   -7.267    4.716    5.014    5.029    5.465    7.605    7.636    7.647   11.775   14.196
            0.000000  0.000000  0.000000
   -7.272    5.041    5.041    5.041    5.155    7.613    7.613    7.613   11.744   14.285
           -0.033333  0.000000  0.000000
   -7.268    4.762    5.020    5.020    5.434    7.599    7.640    7.640   11.769   14.201
           -0.066667  0.000000  0.000000
   -7.256    4.433    4.959    4.959    5.760    7.556    7.718    7.718   11.840   13.986
           -0.100000  0.000000  0.000000
   -7.235    4.103    4.865    4.865    6.084    7.488    7.841    7.841   11.955   13.702
           -0.133333  0.000000  0.000000
   -7.207    3.774    4.746    4.746    6.402    7.400    7.999    7.999   12.109   13.390
           -0.166667  0.000000  0.000000
   -7.170    3.447    4.610    4.610    6.712    7.295    8.186    8.186   12.298   13.072
           -0.200000  0.000000  0.000000
   -7.125    3.122    4.463    4.463    7.008    7.179    8.396    8.396   12.517   12.765
           -0.233333  0.000000  0.000000
   -7.072    2.799    4.310    4.310    7.055    7.286    8.622    8.622   12.480   12.761
           -0.266667  0.000000  0.000000
   -7.011    2.478    4.154    4.154    6.928    7.537    8.862    8.862   12.229   13.027
           -0.300000  0.000000  0.000000
   -6.942    2.160    3.998    3.998    6.799    7.752    9.113    9.113   12.024   13.310
           -0.333333  0.000000  0.000000
   -6.864    1.845    3.843    3.843    6.672    7.920    9.372    9.372   11.878   13.608
           -0.366667  0.000000  0.000000
   -6.779    1.533    3.693    3.693    6.547    8.029    9.638    9.638   11.803   13.917
           -0.400000  0.000000  0.000000
   -6.685    1.223    3.546    3.546    6.427    8.073    9.910    9.910   11.806   14.236
           -0.433333  0.000000  0.000000
   -6.584    0.917    3.405    3.405    6.313    8.055   10.186   10.186   11.885   14.561
           -0.466667  0.000000  0.000000
   -6.474    0.613    3.270    3.270    6.206    7.982   10.466   10.466   12.032   14.889
           -0.500000  0.000000  0.000000
   -6.357    0.313    3.141    3.141    6.106    7.867   10.748   10.748   12.234   15.218
           -0.533333  0.000000  0.000000
   -6.232    0.016    3.019    3.019    6.014    7.723   11.033   11.033   12.476   15.542
           -0.566667  0.000000  0.000000
   -6.099   -0.277    2.904    2.904    5.932    7.562   11.319   11.319   12.749   15.735
           -0.600000  0.000000  0.000000
   -5.958   -0.567    2.798    2.798    5.858    7.391   11.606   11.606   13.042   15.911
           -0.633333  0.000000  0.000000
   -5.810   -0.853    2.698    2.698    5.795    7.218   11.893   11.893   13.349   16.097
           -0.666667  0.000000  0.000000
   -5.653   -1.136    2.607    2.607    5.741    7.047   12.179   12.179   13.663   16.292
           -0.700000  0.000000  0.000000
   -5.490   -1.414    2.525    2.525    5.698    6.880   12.463   12.463   13.982   16.498
           -0.733333  0.000000  0.000000
   -5.319   -1.687    2.450    2.450    5.666    6.720   12.743   12.743   14.302   16.714
           -0.766667  0.000000  0.000000
   -5.141   -1.957    2.384    2.384    5.645    6.569   13.018   13.018   14.620   16.939
           -0.800000  0.000000  0.000000
   -4.955   -2.221    2.327    2.327    5.634    6.428   13.284   13.284   14.933   17.175
           -0.833333  0.000000  0.000000
   -4.762   -2.481    2.278    2.278    5.635    6.297   13.537   13.537   15.241   17.279
           -0.866667  0.000000  0.000000
   -4.563   -2.735    2.239    2.239    5.648    6.177   13.769   13.769   15.539   17.231
           -0.900000  0.000000  0.000000
   -4.356   -2.985    2.207    2.207    5.672    6.069   13.972   13.972   15.827   17.131
           -0.933333  0.000000  0.000000
   -4.143   -3.228    2.185    2.185    5.709    5.973   14.134   14.134   16.101   16.988
           -0.966667  0.000000  0.000000
   -3.924   -3.466    2.172    2.172    5.757    5.889   14.240   14.240   16.359   16.807
           -1.000000  0.000000  0.000000
   -3.698   -3.698    2.167    2.167    5.817    5.817   14.277   14.277   16.596   16.596
           -1.000000  0.016667  0.000000
   -3.698   -3.698    2.164    2.164    5.823    5.823   14.268   14.268   16.579   16.579
           -1.000000  0.033333  0.000000
   -3.697   -3.697    2.155    2.155    5.842    5.842   14.244   14.244   16.531   16.531
           -1.000000  0.050000  0.000000
   -3.696   -3.696    2.141    2.141    5.873    5.873   14.203   14.203   16.463   16.463
           -1.000000  0.066667  0.000000
   -3.695   -3.695    2.121    2.121    5.915    5.915   14.145   14.145   16.382   16.382
           -1.000000  0.083333  0.000000
   -3.693   -3.693    2.096    2.096    5.969    5.969   14.070   14.070   16.298   16.298
           -1.000000  0.100000  0.000000
   -3.690   -3.690    2.066    2.066    6.034    6.034   13.978   13.978   16.215   16.215
           -1.000000  0.116667  0.000000
   -3.688   -3.688    2.033    2.033    6.109    6.109   13.869   13.869   16.138   16.138
           -1.000000  0.133333  0.000000
   -3.685   -3.685    1.997    1.997    6.194    6.194   13.745   13.745   16.069   16.069
           -1.000000  0.150000  0.000000
   -3.681   -3.681    1.958    1.958    6.287    6.287   13.606   13.606   16.007   16.007
           -1.000000  0.166667  0.000000
   -3.678   -3.678    1.917    1.917    6.389    6.389   13.455   13.455   15.954   15.954
           -1.000000  0.183333  0.000000
   -3.674   -3.674    1.875    1.875    6.499    6.499   13.292   13.292   15.909   15.909
           -1.000000  0.200000  0.000000
   -3.670   -3.670    1.833    1.833    6.616    6.616   13.120   13.120   15.871   15.871
           -1.000000  0.216667  0.000000
   -3.666   -3.666    1.790    1.790    6.740    6.740   12.940   12.940   15.840   15.840
           -1.000000  0.233333  0.000000
   -3.661   -3.661    1.747    1.747    6.870    6.870   12.754   12.754   15.813   15.813
           -1.000000  0.250000  0.000000
   -3.657   -3.657    1.705    1.705    7.006    7.006   12.563   12.563   15.792   15.792
           -1.000000  0.266667  0.000000
   -3.653   -3.653    1.664    1.664    7.148    7.148   12.367   12.367   15.774   15.774
           -1.000000  0.283333  0.000000
   -3.648   -3.648    1.625    1.625    7.294    7.294   12.169   12.169   15.759   15.759
           -1.000000  0.300000  0.000000
   -3.644   -3.644    1.587    1.587    7.445    7.445   11.968   11.968   15.747   15.747
           -1.000000  0.316667  0.000000
   -3.640   -3.640    1.551    1.551    7.601    7.601   11.766   11.766   15.737   15.737
           -1.000000  0.333333  0.000000
   -3.636   -3.636    1.518    1.518    7.762    7.762   11.563   11.563   15.730   15.730
           -1.000000  0.350000  0.000000
   -3.632   -3.632    1.487    1.487    7.926    7.926   11.360   11.360   15.723   15.723
           -1.000000  0.366667  0.000000
   -3.628   -3.628    1.459    1.459    8.093    8.093   11.156   11.156   15.718   15.718
           -1.000000  0.383333  0.000000
   -3.625   -3.625    1.434    1.434    8.265    8.265   10.953   10.953   15.714   15.714
           -1.000000  0.400000  0.000000
   -3.622   -3.622    1.411    1.411    8.439    8.439   10.751   10.751   15.711   15.711
           -1.000000  0.416667  0.000000
   -3.620   -3.620    1.392    1.392    8.617    8.617   10.549   10.549   15.709   15.709
           -1.000000  0.433333  0.000000
   -3.618   -3.618    1.377    1.377    8.797    8.797   10.350   10.350   15.707   15.707
           -1.000000  0.450000  0.000000
   -3.616   -3.616    1.365    1.365    8.979    8.979   10.153   10.153   15.706   15.706
           -1.000000  0.466667  0.000000
   -3.615   -3.615    1.356    1.356    9.162    9.162    9.959    9.959   15.705   15.705
           -1.000000  0.483333  0.000000
   -3.614   -3.614    1.350    1.350    9.340    9.340    9.774    9.774   15.704   15.704
           -1.000000  0.500000  0.000000
   -3.614   -3.614    1.349    1.349    9.456    9.456    9.656    9.656   15.704   15.704
           -0.983333  0.500000  0.016667
   -3.715   -3.513    1.278    1.427    9.331    9.457    9.677    9.767   15.482   15.898
           -0.966667  0.500000  0.033333
   -3.816   -3.412    1.215    1.511    9.192    9.353    9.813    9.901   15.233   16.064
           -0.950000  0.500000  0.050000
   -3.915   -3.313    1.161    1.601    9.053    9.242    9.965   10.043   14.962   16.202
           -0.933333  0.500000  0.066667
   -4.013   -3.215    1.117    1.697    8.915    9.134   10.123   10.190   14.674   16.315
           -0.916667  0.500000  0.083333
   -4.109   -3.121    1.083    1.796    8.780    9.031   10.284   10.341   14.373   16.408
           -0.900000  0.500000  0.100000
   -4.203   -3.030    1.061    1.899    8.647    8.935   10.449   10.495   14.065   16.481
           -0.883333  0.500000  0.116667
   -4.294   -2.943    1.051    2.005    8.517    8.847   10.616   10.650   13.756   16.538
           -0.866667  0.500000  0.133333
   -4.383   -2.861    1.055    2.114    8.389    8.765   10.785   10.802   13.451   16.580
           -0.850000  0.500000  0.150000
   -4.468   -2.786    1.072    2.224    8.262    8.691   10.947   10.956   13.158   16.607
           -0.833333  0.500000  0.166667
   -4.551   -2.717    1.104    2.335    8.137    8.625   11.075   11.128   12.888   16.618
           -0.816667  0.500000  0.183333
   -4.630   -2.655    1.152    2.446    8.013    8.567   11.168   11.301   12.662   16.606
           -0.800000  0.500000  0.200000
   -4.706   -2.600    1.214    2.557    7.889    8.518   11.197   11.472   12.511   16.558
           -0.783333  0.500000  0.216667
   -4.778   -2.552    1.292    2.667    7.764    8.477   11.133   11.642   12.465   16.447
           -0.766667  0.500000  0.233333
   -4.846   -2.512    1.384    2.775    7.638    8.445   10.983   11.808   12.519   16.271
           -0.750000  0.500000  0.250000
   -4.910   -2.478    1.492    2.880    7.510    8.423   10.779   11.968   12.641   16.061
           -0.733333  0.500000  0.266667
   -4.971   -2.451    1.613    2.982    7.378    8.409   10.552   12.119   12.804   15.846
           -0.716667  0.500000  0.283333
   -5.028   -2.429    1.747    3.079    7.242    8.404   10.319   12.257   12.991   15.645
           -0.700000  0.500000  0.300000
   -5.080   -2.412    1.892    3.172    7.099    8.408   10.091   12.378   13.193   15.469
           -0.683333  0.500000  0.316667
   -5.129   -2.400    2.049    3.260    6.950    8.420    9.874   12.474   13.406   15.327
           -0.666667  0.500000  0.333333
   -5.174   -2.391    2.215    3.341    6.793    8.440    9.672   12.542   13.627   15.226
           -0.650000  0.500000  0.350000
   -5.214   -2.385    2.389    3.416    6.627    8.467    9.488   12.576   13.853   15.173
           -0.633333  0.500000  0.366667
   -5.250   -2.381    2.570    3.484    6.454    8.499    9.324   12.576   14.082   15.171
           -0.616667  0.500000  0.383333
   -5.282   -2.379    2.755    3.545    6.275    8.536    9.180   12.547   14.313   15.216
           -0.600000  0.500000  0.400000
   -5.310   -2.378    2.942    3.598    6.091    8.575    9.057   12.495   14.542   15.302
           -0.583333  0.500000  0.416667
   -5.334   -2.379    3.128    3.643    5.906    8.614    8.955   12.432   14.766   15.421
           -0.566667  0.500000  0.433333
   -5.353   -2.379    3.308    3.680    5.727    8.651    8.872   12.366   14.976   15.565
           -0.550000  0.500000  0.450000
   -5.368   -2.380    3.473    3.709    5.560    8.683    8.809   12.306   15.163   15.726
           -0.533333  0.500000  0.466667
   -5.379   -2.380    3.613    3.729    5.418    8.708    8.765   12.258   15.312   15.896
           -0.516667  0.500000  0.483333
   -5.385   -2.381    3.711    3.742    5.320    8.724    8.738   12.227   15.407   16.068
           -0.500000  0.500000  0.500000
   -5.387   -2.381    3.746    3.746    5.284    8.730    8.730   12.217   15.439   16.221
           -0.483333  0.483333  0.483333
   -5.398   -2.363    3.748    3.748    5.287    8.731    8.731   12.219   15.332   16.117
           -0.466667  0.466667  0.466667
   -5.431   -2.309    3.755    3.755    5.294    8.734    8.734   12.227   15.095   15.886
           -0.450000  0.450000  0.450000
   -5.484   -2.222    3.766    3.766    5.307    8.739    8.739   12.240   14.815   15.615
           -0.433333  0.433333  0.433333
   -5.552   -2.104    3.782    3.782    5.324    8.745    8.745   12.256   14.519   15.336
           -0.416667  0.416667  0.416667
   -5.633   -1.960    3.802    3.802    5.347    8.752    8.752   12.273   14.222   15.061
           -0.400000  0.400000  0.400000
   -5.724   -1.793    3.826    3.826    5.374    8.760    8.760   12.286   13.932   14.796
           -0.383333  0.383333  0.383333
   -5.821   -1.606    3.855    3.855    5.406    8.766    8.766   12.288   13.658   14.544
           -0.366667  0.366667  0.366667
   -5.921   -1.402    3.888    3.888    5.442    8.771    8.771   12.265   13.416   14.308
           -0.350000  0.350000  0.350000
   -6.023   -1.182    3.925    3.925    5.483    8.772    8.772   12.192   13.229   14.089
           -0.333333  0.333333  0.333333
   -6.126   -0.949    3.966    3.966    5.528    8.769    8.769   12.050   13.118   13.890
           -0.316667  0.316667  0.316667
   -6.227   -0.704    4.011    4.011    5.578    8.760    8.760   11.843   13.078   13.712
           -0.300000  0.300000  0.300000
   -6.326   -0.447    4.060    4.060    5.631    8.743    8.743   11.592   13.085   13.557
           -0.283333  0.283333  0.283333
   -6.422   -0.181    4.113    4.113    5.687    8.718    8.718   11.315   13.119   13.427
           -0.266667  0.266667  0.266667
   -6.514    0.094    4.170    4.170    5.747    8.683    8.683   11.026   13.165   13.323
           -0.250000  0.250000  0.250000
   -6.602    0.377    4.229    4.229    5.808    8.637    8.637   10.730   13.210   13.246
           -0.233333  0.233333  0.233333
   -6.686    0.669    4.292    4.292    5.872    8.581    8.581   10.430   13.197   13.197
           -0.216667  0.216667  0.216667
   -6.764    0.967    4.357    4.357    5.936    8.515    8.515   10.130   13.174   13.174
           -0.200000  0.200000  0.200000
   -6.838    1.271    4.424    4.424    5.998    8.440    8.440    9.830   13.178   13.178
           -0.183333  0.183333  0.183333
   -6.906    1.581    4.493    4.493    6.058    8.357    8.357    9.532   13.155   13.207
           -0.166667  0.166667  0.166667
   -6.969    1.896    4.563    4.563    6.112    8.268    8.268    9.239   13.035   13.259
           -0.150000  0.150000  0.150000
   -7.026    2.216    4.633    4.633    6.158    8.176    8.176    8.954   12.878   13.333
           -0.133333  0.133333  0.133333
   -7.077    2.539    4.701    4.701    6.189    8.083    8.083    8.679   12.699   13.426
           -0.116667  0.116667  0.116667
   -7.123    2.865    4.768    4.768    6.198    7.991    7.991    8.422   12.513   13.535
           -0.100000  0.100000  0.100000
   -7.162    3.192    4.831    4.831    6.177    7.903    7.903    8.190   12.332   13.658
           -0.083333  0.083333  0.083333
   -7.196    3.520    4.889    4.889    6.116    7.823    7.823    7.994   12.166   13.790
           -0.066667  0.066667  0.066667
   -7.223    3.846    4.940    4.940    6.004    7.752    7.752    7.839   12.022   13.926
           -0.050000  0.050000  0.050000
   -7.245    4.170    4.983    4.983    5.840    7.693    7.693    7.730   11.904   14.057
           -0.033333  0.033333  0.033333
   -7.260    4.488    5.014    5.014    5.629    7.650    7.650    7.661   11.816   14.172
           -0.016667  0.016667  0.016667
   -7.269    4.795    5.034    5.034    5.382    7.622    7.622    7.625   11.763   14.254
            0.000000  0.000000  0.000000
   -7.272    5.041    5.041    5.041    5.155    7.613    7.613    7.613   11.744   14.285
